40526430341201506472637344
26126112271145113165425325
52751422577611053553775165
55455000651327755220055570
72327412645421704072031226
26570061647035563671172104
47521516651032205454510367
24137015123023223202364343
56364420366743462277304731
70474107062424142727534704
25246027066535113160653344
60232430556350713017352226
17762242427334736467552466
24764303306654221415047445
20614056076517015730125275
66753713441166131575761251
37561030765504130353200714
04014227043537373062451513
76652072335233415747502521
24432553700217154477466774
04666114723004772435321730
22552440672075001003102431
36162477131525014523035475
72732704256464425071521077
41124374131034452425354135
51075252517357452012027664