62645472305614724260712045
30676430176073265102513142
14324044357351010603464326
26601744040222007304657526
24123005513174421507772706
03477041705512532271677764
26403420371411551145711116
03265517632032672240315741
52721021142520637016237762
06003261622132265623670104
06154630621415626002141510
42333726177121174032705720
17760535362706563337074746
35352622210536056044661716
25775204046047536300521616
71424637501144532743776067
33020352411665145342221246
36020266704641114507020545
70717070125771260701173156
35615177651546624122063327
57177036162033715556272201
54434322167276074572530000
44435461630021255350622431
62246625711110636642043131
24727676527343053562251223
67367107512011667364276103